68686868    6868686868686868    6868686868686868    686868686868
68                                            68
68                                            68
68                                            686868686868686868
68                                                            68
68                                  73                        68
68                                  73                        68
68                                  73                        68
68                                  73                        68
68                                  73                        68
68                                  71                        68
68                      73737373737373                        68
68                      74747474747474                        68
68                      76777577757575                        68
68                      75757575757575                        68
68                      75757575757575                        68
68                                                            68
68



687c7c7c7c7c7c7c7c7c7c7c7c7c7c7c7c7c7c7c7c7c7c7c7c7c7c7c7c7c7c68
